Tensor 1:
tensor([[[ 3.9601e-03,  1.3474e-02,  1.0392e+00,  ...,  4.3298e-03,
          -6.9464e-03, -3.1738e-03],
         [ 9.0446e-04,  1.4795e-02,  9.8221e-01,  ..., -3.9712e-03,
          -3.4440e-03, -4.0579e-04],
         [ 4.7564e-03,  5.9724e-03,  8.2063e-01,  ..., -2.4475e-02,
          -4.1932e-04,  2.1486e-03],
         ...,
         [-3.2427e-03, -2.3147e-03,  3.3977e-02,  ...,  5.2908e-04,
          -7.0033e-04, -2.8343e-03],
         [-3.2427e-03, -2.3147e-03,  3.3977e-02,  ...,  5.2908e-04,
          -7.0033e-04, -2.8343e-03],
         [-3.2427e-03, -2.3147e-03,  3.3977e-02,  ...,  5.2908e-04,
          -7.0033e-04, -2.8343e-03]]], device='cuda:0',
       grad_fn=<NativeLayerNormBackward0>)

Tensor 2:
tensor([[[ 1.2414e-08, -4.2480e-12, -2.0787e-07,  ...,  9.1159e-10,
           9.9012e-11, -9.5795e-09],
         [ 1.4536e-08, -9.1883e-12, -3.8814e-07,  ...,  1.6209e-09,
           9.9417e-11, -1.3689e-08],
         [ 1.6013e-08, -1.2624e-11, -5.1357e-07,  ...,  2.1140e-09,
           9.9698e-11, -1.6549e-08],
         ...,
         [ 1.1467e-08, -2.0435e-12, -1.2745e-07,  ...,  5.9529e-10,
           9.8831e-11, -7.7460e-09],
         [ 1.1467e-08, -2.0435e-12, -1.2745e-07,  ...,  5.9529e-10,
           9.8831e-11, -7.7460e-09],
         [ 1.1467e-08, -2.0435e-12, -1.2745e-07,  ...,  5.9529e-10,
           9.8831e-11, -7.7460e-09]]], device='cuda:0', grad_fn=<DivBackward0>)
